1742767600985 0.7447916865348816 0
1742767643908 0.8180000185966492 1
1742767691660 0.8367083072662354 2
1742767740322 0.8520625233650208 3
1742767791373 0.8581041693687439 4
1742767836371 0.8660833239555359 5
1742767880824 0.870270848274231 6
1742767924364 0.8748541474342346 7
1742767967701 0.8768958449363708 8
1742768010971 0.8803750276565552 9
1742768053945 0.8836249709129333 10
1742768099411 0.8863750100135803 11
1742768142420 0.887624979019165 12
1742768186167 0.8904791474342346 13
1742768227302 0.8923958539962769 14
1742768272478 0.8926249742507935 15
1742768318071 0.8943333625793457 16
1742768363506 0.8963333368301392 17
1742768407614 0.8979166746139526 18
1742768450303 0.8996250033378601 19
1742768490102 0.9003124833106995 20
1742768532761 0.9003958106040955 21
1742768574251 0.9015416502952576 22
1742768616415 0.9080625176429749 23
1742768656406 0.910770833492279 24
1742768696917 0.9135208129882812 25
1742768744879 0.9146249890327454 26
1742768786841 0.914312481880188 27
1742768828956 0.9123749732971191 28
1742768871415 0.9156041741371155 29
1742768913481 0.9150624871253967 30
1742768955997 0.917270839214325 31
1742768997574 0.9168750047683716 32
1742769040742 0.9180416464805603 33
1742769088021 0.9175208210945129 34
1742769130381 0.9183124899864197 35
1742769170650 0.9177500009536743 36
1742769213189 0.917104184627533 37
1742769255156 0.9172083139419556 38
1742769295467 0.9193750023841858 39
1742769335891 0.9191458225250244 40
1742769378499 0.9172916412353516 41
1742769418613 0.9202916622161865 42
1742769460613 0.9202499985694885 43
1742769500443 0.9176458120346069 44
1742769542145 0.9181874990463257 45
1742769585280 0.9199583530426025 46
1742769627640 0.9193958044052124 47
1742769669322 0.918749988079071 48
1742769679678 0.9202499985694885 49
