1742767600985 0.0010000000474974513 0
1742767643908 0.0010000000474974513 1
1742767691660 0.0010000000474974513 2
1742767740322 0.0010000000474974513 3
1742767791373 0.0010000000474974513 4
1742767836371 0.0010000000474974513 5
1742767880824 0.0010000000474974513 6
1742767924364 0.0010000000474974513 7
1742767967701 0.0010000000474974513 8
1742768010971 0.0010000000474974513 9
1742768053945 0.0010000000474974513 10
1742768099411 0.0010000000474974513 11
1742768142420 0.0010000000474974513 12
1742768186167 0.0010000000474974513 13
1742768227302 0.0010000000474974513 14
1742768272478 0.0010000000474974513 15
1742768318071 0.0010000000474974513 16
1742768363506 0.0010000000474974513 17
1742768407614 0.0010000000474974513 18
1742768450303 0.0010000000474974513 19
1742768490102 0.0010000000474974513 20
1742768532761 0.0010000000474974513 21
1742768574251 0.0010000000474974513 22
1742768616415 0.00010000000474974513 23
1742768656406 0.00010000000474974513 24
1742768696917 0.00010000000474974513 25
1742768744879 0.00010000000474974513 26
1742768786841 0.00010000000474974513 27
1742768828956 0.00010000000474974513 28
1742768871415 0.00010000000474974513 29
1742768913481 0.00010000000474974513 30
1742768955997 0.00010000000474974513 31
1742768997574 0.00010000000474974513 32
1742769040742 0.00010000000474974513 33
1742769088021 0.00010000000474974513 34
1742769130381 1.0000000656873453e-05 35
1742769170650 1.0000000656873453e-05 36
1742769213189 1.0000000656873453e-05 37
1742769255156 1.0000000656873453e-05 38
1742769295467 1.0000000656873453e-05 39
1742769335891 1.0000000656873453e-05 40
1742769378499 1.0000000656873453e-05 41
1742769418613 1.0000000656873453e-05 42
1742769460613 1.0000000656873453e-05 43
1742769500443 1.0000000656873453e-05 44
1742769542145 1.0000000656873453e-05 45
1742769585280 1.0000000656873453e-05 46
1742769627640 1.0000001111620804e-06 47
1742769669322 1.0000001111620804e-06 48
1742769679678 1.0000000656873453e-05 49
