1742767600985 0.7106764912605286 0
1742767643908 0.49278438091278076 1
1742767691660 0.446016401052475 2
1742767740322 0.4079890549182892 3
1742767791373 0.3885664939880371 4
1742767836371 0.3690106272697449 5
1742767880824 0.3538890779018402 6
1742767924364 0.3450987637042999 7
1742767967701 0.33797261118888855 8
1742768010971 0.3284434974193573 9
1742768053945 0.3193073868751526 10
1742768099411 0.31374478340148926 11
1742768142420 0.3065735101699829 12
1742768186167 0.30042174458503723 13
1742768227302 0.2965959310531616 14
1742768272478 0.29115116596221924 15
1742768318071 0.28519561886787415 16
1742768363506 0.2832477390766144 17
1742768407614 0.2800828516483307 18
1742768450303 0.27242106199264526 19
1742768490102 0.2725497782230377 20
1742768532761 0.26945337653160095 21
1742768574251 0.2697320878505707 22
1742768616415 0.25067123770713806 23
1742768656406 0.2418994903564453 24
1742768696917 0.2369084656238556 25
1742768744879 0.2361978143453598 26
1742768786841 0.23443201184272766 27
1742768828956 0.2368757724761963 28
1742768871415 0.22990073263645172 29
1742768913481 0.23010767996311188 30
1742768955997 0.22936610877513885 31
1742768997574 0.22740422189235687 32
1742769040742 0.22670340538024902 33
1742769088021 0.22595152258872986 34
1742769130381 0.22422847151756287 35
1742769170650 0.22410766780376434 36
1742769213189 0.22397840023040771 37
1742769255156 0.223713219165802 38
1742769295467 0.22132517397403717 39
1742769335891 0.2214723527431488 40
1742769378499 0.22431424260139465 41
1742769418613 0.2208840399980545 42
1742769460613 0.21881575882434845 43
1742769500443 0.22341567277908325 44
1742769542145 0.22314313054084778 45
1742769585280 0.22082629799842834 46
1742769627640 0.2207392156124115 47
1742769669322 0.22130417823791504 48
1742769679678 0.21881575882434845 49
