1742769727361 0.7758541703224182 0
1742769732292 0.8261041641235352 1
1742769737346 0.8364999890327454 2
1742769742930 0.8441874980926514 3
1742769748209 0.8486250042915344 4
1742769753600 0.8525416851043701 5
1742769758124 0.8563125133514404 6
1742769762507 0.8620625138282776 7
1742769767014 0.8634583353996277 8
1742769771893 0.8682500123977661 9
1742769777242 0.8685416579246521 10
1742769782858 0.8700416684150696 11
1742769787763 0.8723541498184204 12
1742769792728 0.8723750114440918 13
1742769797742 0.874625027179718 14
1742769803572 0.8752708435058594 15
1742769808906 0.8778125047683716 16
1742769814115 0.879520833492279 17
1742769819583 0.8809166550636292 18
1742769824710 0.879520833492279 19
1742769829715 0.8813333511352539 20
1742769834892 0.8837708234786987 21
1742769840327 0.8846458196640015 22
1742769845332 0.8843958377838135 23
1742769850400 0.8935208320617676 24
1742769855442 0.8973333239555359 25
1742769860688 0.8982083201408386 26
1742769866097 0.8983749747276306 27
1742769871304 0.8990625143051147 28
1742769876209 0.8998125195503235 29
1742769881133 0.9008958339691162 30
1742769886211 0.903041660785675 31
1742769891153 0.9027916789054871 32
1742769896096 0.9028958082199097 33
1742769900955 0.9036041498184204 34
1742769905946 0.9039791822433472 35
1742769910767 0.902916669845581 36
1742769915784 0.9055416584014893 37
1742769920684 0.9054583311080933 38
1742769925579 0.9060208201408386 39
1742769930394 0.9066041707992554 40
1742769935305 0.9058125019073486 41
1742769940121 0.9073125123977661 42
1742769947229 0.9055416584014893 43
