1742769727361 0.0005000000237487257 0
1742769732292 0.0005000000237487257 1
1742769737346 0.0005000000237487257 2
1742769742930 0.0005000000237487257 3
1742769748209 0.0005000000237487257 4
1742769753600 0.0005000000237487257 5
1742769758124 0.0005000000237487257 6
1742769762507 0.0005000000237487257 7
1742769767014 0.0005000000237487257 8
1742769771893 0.0005000000237487257 9
1742769777242 0.0005000000237487257 10
1742769782858 0.0005000000237487257 11
1742769787763 0.0005000000237487257 12
1742769792728 0.0005000000237487257 13
1742769797742 0.0005000000237487257 14
1742769803572 0.0005000000237487257 15
1742769808906 0.0005000000237487257 16
1742769814115 0.0005000000237487257 17
1742769819583 0.0005000000237487257 18
1742769824710 0.0005000000237487257 19
1742769829715 0.0005000000237487257 20
1742769834892 0.0005000000237487257 21
1742769840327 0.0005000000237487257 22
1742769845332 0.0005000000237487257 23
1742769850400 5.0000002374872565e-05 24
1742769855442 5.0000002374872565e-05 25
1742769860688 5.0000002374872565e-05 26
1742769866097 5.0000002374872565e-05 27
1742769871304 5.0000002374872565e-05 28
1742769876209 5.0000002374872565e-05 29
1742769881133 5.0000002374872565e-05 30
1742769886211 5.0000002374872565e-05 31
1742769891153 5.0000002374872565e-05 32
1742769896096 5.0000002374872565e-05 33
1742769900955 5.0000002374872565e-05 34
1742769905946 5.0000002374872565e-05 35
1742769910767 5.0000002374872565e-05 36
1742769915784 5.0000002374872565e-05 37
1742769920684 5.0000002374872565e-05 38
1742769925579 5.0000002374872565e-05 39
1742769930394 5.0000002374872565e-05 40
1742769935305 5.000000328436727e-06 41
1742769940121 5.000000328436727e-06 42
1742769947229 5.0000002374872565e-05 43
