1742769727361 0.637570321559906 0
1742769732292 0.48606204986572266 1
1742769737346 0.4506060779094696 2
1742769742930 0.42572686076164246 3
1742769748209 0.4091419577598572 4
1742769753600 0.39971378445625305 5
1742769758124 0.38834261894226074 6
1742769762507 0.37637898325920105 7
1742769767014 0.36774784326553345 8
1742769771893 0.3622537851333618 9
1742769777242 0.35552746057510376 10
1742769782858 0.3538758158683777 11
1742769787763 0.34667113423347473 12
1742769792728 0.3460298776626587 13
1742769797742 0.33929356932640076 14
1742769803572 0.33385029435157776 15
1742769808906 0.32877597212791443 16
1742769814115 0.3283466696739197 17
1742769819583 0.3214777708053589 18
1742769824710 0.32389387488365173 19
1742769829715 0.3191089928150177 20
1742769834892 0.3152317702770233 21
1742769840327 0.3118300437927246 22
1742769845332 0.3080728054046631 23
1742769850400 0.28645938634872437 24
1742769855442 0.27873751521110535 25
1742769860688 0.2726559340953827 26
1742769866097 0.2717682421207428 27
1742769871304 0.27002277970314026 28
1742769876209 0.26862633228302 29
1742769881133 0.2646867036819458 30
1742769886211 0.2608662545681 31
1742769891153 0.26105183362960815 32
1742769896096 0.2610538601875305 33
1742769900955 0.2588784396648407 34
1742769905946 0.25930145382881165 35
1742769910767 0.2569546401500702 36
1742769915784 0.25299641489982605 37
1742769920684 0.2530269920825958 38
1742769925579 0.2529641389846802 39
1742769930394 0.2520115077495575 40
1742769935305 0.2490902841091156 41
1742769940121 0.24748647212982178 42
1742769947229 0.25299641489982605 43
